-0.439947 -0.047133 0.143221 -0.177803 0.00142792 -0.0517918 0.146531 -0.113568 0.033242 0.0857433 -0.00932005 -0.0404509 -0.0662816 0.0379106 0.0369884 -0.0587427 0.0795663 -0.0405022 -0.0130963 1 0;
-0.450744 -0.203876 0.355274 -0.17711 -0.101582 0.178855 -0.00831405 -0.157303 0.127857 0.048842 -0.17033 0.122692 -0.0675045 0.0229105 0.0820989 -0.111681 0.0511516 0.00370868 -0.0242408 1 0;
-0.432196 -0.0447801 0.140063 -0.185383 -0.00430992 -0.0529315 0.14179 -0.0989581 0.0357605 0.0875843 -0.00590574 -0.0450466 -0.0709352 0.0321557 0.0379607 -0.055533 0.0840057 -0.0396186 -0.00998995 1 0;
-0.312833 -0.0605658 0.0868579 -0.415236 -0.0293993 0.0709118 0.226898 -0.0135818 0.11654 0.0122328 -0.267013 -0.0188049 0.0707325 0.0356303 -0.0204662 0.11139 0.00220287 -0.194228 0.119185 1 0;
-0.433964 -0.0454202 0.140916 -0.183678 -0.00302183 -0.0526616 0.142843 -0.102271 0.0350747 0.0872673 -0.00674308 -0.0439464 -0.0698191 0.0334756 0.0378022 -0.0563615 0.0829576 -0.0399418 -0.0107756 1 0;
-0.426487 -0.042325 0.136717 -0.191074 -0.00845196 -0.0539071 0.138322 -0.0880506 0.0383443 0.088206 -0.00288184 -0.0489708 -0.0748475 0.027622 0.0380507 -0.0525287 0.0874505 -0.0381564 -0.00715023 1 0;
-0.430487 -0.0441085 0.139156 -0.187037 -0.00555397 -0.053206 0.140775 -0.0957512 0.036479 0.0878344 -0.00506026 -0.0461486 -0.0720538 0.0308519 0.0380622 -0.0546918 0.0850278 -0.0392479 -0.00919234 1 0;
-0.438631 -0.0468172 0.142788 -0.179108 0.000434116 -0.0519836 0.145706 -0.111083 0.0335753 0.0861387 -0.00878926 -0.0411827 -0.0670204 0.036939 0.0372026 -0.0582885 0.0802722 -0.0404593 -0.0126401 1 0;
-0.38263 -0.236142 0.232087 -0.097935 -0.0192513 -0.0470328 0.0844905 0.000361137 0.0174248 -0.00329585 -0.000836153 -0.115599 0.0468909 0.106858 -0.094573 0.00798634 0.0687558 -0.103623 0.0697127 1 0;
-0.429657 -0.0437632 0.138686 -0.187854 -0.00615699 -0.0533442 0.140276 -0.0941777 0.036845 0.0879356 -0.00463222 -0.0467061 -0.0726142 0.0302021 0.0380882 -0.0542656 0.0855281 -0.0390467 -0.00878844 1 0;
-0.0563016 0.170861 0.00297363 -0.154133 -0.196325 -0.235626 -0.126672 -0.114316 -0.0366101 0.119924 -0.0255463 0.0931931 0.00218644 0.0932244 0.0734609 -0.0922084 0.0409011 0.00563008 -0.0139187 0 1;
-0.057781 0.171061 0.00203594 -0.154047 -0.195236 -0.235722 -0.126764 -0.114317 -0.0358379 0.11925 -0.0262501 0.0929783 0.00315942 0.0939784 0.0745641 -0.0908539 0.0406984 0.00603218 -0.012384 0 1;
-0.32744 0.022265 0.224142 -0.0904681 -0.00335369 -0.0411694 0.0156578 0.0273257 -0.0868367 0.0140839 0.0902164 -0.0979624 -0.052204 0.110904 -0.0758872 0.0191928 -0.0513631 0.0416693 -0.0126434 0 1;
-0.0560809 0.17083 0.00312704 -0.154139 -0.196471 -0.235603 -0.126658 -0.114313 -0.0367138 0.120021 -0.0254443 0.0932253 0.00204856 0.0931112 0.0732974 -0.0924018 0.0409285 0.00557589 -0.0141445 0 1;
-0.0627626 0.171115 1.91182e-05 -0.152328 -0.189458 -0.235412 -0.127225 -0.113832 -0.0313072 0.115896 -0.029363 0.0925587 0.00755328 0.0965243 0.0781681 -0.0850966 0.0400493 0.00796223 -0.0070685 0 1;
-0.0573706 0.171007 0.00228019 -0.154081 -0.195558 -0.235705 -0.12674 -0.11432 -0.0360678 0.119443 -0.0260509 0.0930372 0.00288034 0.0937691 0.0742562 -0.0912406 0.0407579 0.00591365 -0.0128142 0 1;
-0.393563 -0.158488 0.24883 -0.174887 0.0198204 0.0471774 -0.0333911 -0.0268046 0.031244 0.107205 -0.135404 0.0115366 0.0621372 -0.0770677 0.0202577 0.0466297 -0.0386816 0.0108059 0.0126871 0 1;
-0.0547147 0.170618 0.0041549 -0.154152 -0.197296 -0.235426 -0.126572 -0.114281 -0.0373101 0.120601 -0.0248274 0.0934214 0.00122912 0.0923955 0.0722828 -0.093561 0.0410826 0.00527273 -0.0155361 0 1;
-0.0563016 0.170861 0.00297363 -0.154133 -0.196325 -0.235626 -0.126672 -0.114316 -0.0366101 0.119924 -0.0255463 0.0931931 0.00218644 0.0932244 0.0734609 -0.0922084 0.0409011 0.00563008 -0.0139187 0 1;
-0.0520551 0.170085 0.00654536 -0.15412 -0.198586 -0.234946 -0.126475 -0.114163 -0.038328 0.121648 -0.0236904 0.0937634 -0.000240952 0.0908932 0.0702354 -0.0956699 0.0413371 0.00483665 -0.018236 0 1;
